{
  "timeMatrix": [
    [
      0, 10, 11, 25, 27, 28, 28, 22, 27, 25, 16, 21, 19, 10, 18, 28, 31, 35, 53,
      65
    ],
    [
      10, 0, 15, 29, 32, 34, 32, 25, 32, 25, 12, 20, 11, 14, 22, 32, 35, 38, 56,
      68
    ],
    [
      11, 15, 0, 20, 30, 27, 26, 30, 29, 30, 22, 22, 25, 12, 21, 37, 33, 44, 62,
      74
    ],
    [
      25, 29, 20, 0, 37, 33, 27, 36, 33, 41, 32, 32, 30, 16, 28, 40, 32, 54, 72,
      83
    ],
    [
      27, 32, 30, 37, 0, 15, 23, 13, 12, 20, 37, 43, 34, 27, 21, 37, 41, 31, 49,
      60
    ],
    [
      28, 34, 27, 33, 15, 0, 27, 15, 10, 22, 38, 38, 36, 22, 19, 35, 38, 31, 51,
      63
    ],
    [
      28, 32, 26, 27, 23, 27, 0, 27, 17, 38, 37, 40, 39, 23, 33, 45, 44, 45, 64,
      76
    ],
    [
      22, 25, 30, 36, 13, 15, 27, 0, 18, 15, 33, 34, 28, 29, 27, 43, 45, 22, 40,
      51
    ],
    [
      27, 32, 29, 33, 12, 10, 17, 18, 0, 25, 38, 43, 39, 24, 16, 32, 36, 36, 54,
      65
    ],
    [
      25, 25, 30, 41, 20, 22, 38, 15, 25, 0, 24, 34, 33, 34, 34, 50, 49, 34, 52,
      63
    ],
    [
      16, 12, 22, 32, 37, 38, 37, 33, 38, 24, 0, 13, 20, 21, 26, 36, 42, 46, 64,
      76
    ],
    [
      21, 20, 22, 32, 43, 38, 40, 34, 43, 34, 13, 0, 23, 24, 33, 43, 46, 47, 65,
      76
    ],
    [
      19, 11, 25, 30, 34, 36, 39, 28, 39, 33, 20, 23, 0, 23, 31, 40, 44, 41, 59,
      110
    ],
    [
      10, 14, 12, 16, 27, 22, 23, 29, 24, 34, 21, 24, 23, 0, 15, 31, 22, 42, 60,
      72
    ],
    [
      18, 22, 21, 28, 21, 19, 33, 27, 16, 34, 26, 33, 31, 15, 0, 18, 33, 45, 63,
      75
    ],
    [
      28, 32, 37, 40, 37, 35, 45, 43, 32, 50, 36, 43, 40, 31, 18, 0, 38, 60, 70,
      78
    ],
    [
      31, 35, 33, 32, 41, 38, 44, 45, 36, 49, 42, 46, 44, 22, 33, 38, 0, 58, 76,
      88
    ],
    [
      35, 38, 44, 54, 31, 31, 45, 22, 36, 34, 46, 47, 41, 42, 45, 60, 58, 0, 25,
      36
    ],
    [
      53, 56, 62, 72, 49, 51, 64, 40, 54, 52, 64, 65, 59, 60, 63, 70, 76, 25, 0,
      16
    ],
    [
      65, 68, 74, 83, 60, 63, 76, 51, 65, 63, 76, 76, 110, 72, 75, 78, 88, 36,
      16, 0
    ]
  ]
}
